n-power=
-2
dm_mass=
1
stepsize =
3e-34
fisher matrix =
[[257004680224.34918, -30127166721.34548, -7401589072.410129, 8.722441471809773e+17, 3365050432.2089505, -4227844789.1819334, -6.687341068509118e+39], [-30127166721.34548, 8325702585.687976, 1032036850.1533803, 3808303120956484.5, 122407110.76634748, 419411110.43853396, -1.2427282112940968e+40], [-7401589072.410129, 1032036850.1533802, 357458985.35337234, -3.2026041696498772e+16, -129045922.0071935, 116670384.50740154, 1.2648871259502466e+39], [8.722441471809773e+17, 3808303120956486.0, -3.2026041696498772e+16, 7.747932644628467e+24, 3.00516319691724e+16, -2.2728388166789692e+16, -4.568809870403347e+47], [3365050432.2089505, 122407110.76634748, -129045922.0071935, 3.00516319691724e+16, 128171716.61676303, -77725004.95978788, -2.1904574653644976e+39], [-4227844789.1819334, 419411110.43853396, 116670384.50740154, -2.2728388166789692e+16, -77725004.95978788, 100275514.97685932, 4.172335263199048e+38], [-6.687341068509118e+39, -1.2427282112940968e+40, 1.2648871259502466e+39, -4.568809870403347e+47, -2.1904574653644976e+39, 4.172335263199048e+38, 5.705345279612806e+70]]
sigma_dmb
from cov matrix =
2.528302626645916e-35
2-sigma =
6.270190514081872e-35
2-sigma zack's method =
3.9331387935748477e-35