n-power=
0
dm_mass=
0.0001
stepsize =
2e-27
fisher matrix =
[[20671096359666.508, -3307220554964.78, -938162584166.063, 1.102154116592432e+20, 400282612364.6523, -485117945417.9209, -5.370844151241961e+34], [-3307220554964.78, 530524835788.4991, 150033214520.2806, -1.759170345517789e+19, -63850273779.28017, 77582911285.5573, 5.988044724698678e+33], [-938162584166.0627, 150033214520.2806, 42607087293.07779, -5.005758267102209e+18, -18183345474.41044, 22016809676.91245, 2.7086214430026384e+33], [1.102154116592432e+20, -1.7591703455177888e+19, -5.005758267102209e+18, 5.895020648887457e+26, 2.1413529793457605e+18, -2.5894198668898253e+18, -3.744528095974312e+41], [400282612364.6523, -63850273779.28017, -18183345474.41044, 2.1413529793457605e+18, 7782186181.533244, -9401639839.512737, -1.4604556406903936e+33], [-485117945417.92084, 77582911285.5573, 22016809676.91245, -2.5894198668898253e+18, -9401639839.512735, 11394243157.299028, 1.3155575836621872e+33], [-5.370844151241962e+34, 5.988044724698678e+33, 2.7086214430026384e+33, -3.744528095974312e+41, -1.4604556406903936e+33, 1.3155575836621872e+33, 6.706091174802599e+57]]
sigma_dmb
from cov matrix =
4.700754663632329e-29
2-sigma =
1.1657871565808176e-28
2-sigma zack's method =
