n-power=
0
dm_mass=
0.01
stepsize =
1.0023744672545445e-26
fisher matrix =
[[25889116232015.94, -4142103985853.826, -1174320697523.5164, 1.3798802661011823e+20, 501147261091.1609, -607369939459.8015, -8.021269716110031e+34], [-4142103985853.8267, 664064528640.9474, 187816878335.97644, -2.2035418228992684e+19, -79982851077.14984, 97140939944.1797, 1.1559210222795232e+34], [-1174320697523.5164, 187816878335.97644, 53296058070.83382, -6.262898503865866e+18, -22749991598.749367, 27550073181.773567, 3.779298474480152e+33], [1.3798802661011823e+20, -2.2035418228992684e+19, -6.262898503865866e+18, 7.373631545314234e+26, 2.678631115707918e+18, -3.240207634951248e+18, -4.725763613527314e+41], [501147261091.1609, -79982851077.14983, -22749991598.749367, 2.678631115707918e+18, 9735126813.407946, -11765465798.958294, -1.7767564038156287e+33], [-607369939459.8015, 97140939944.1797, 27550073181.773567, -3.240207634951248e+18, -11765465798.958292, 14258582771.85994, 1.9137404060239493e+33], [-8.021269716110032e+34, 1.1559210222795232e+34, 3.7792984744801534e+33, -4.725763613527314e+41, -1.7767564038156287e+33, 1.913740406023949e+33, 1.9284512435898906e+57]]
sigma_dmb
from cov matrix =
9.49552583662976e-29
2-sigma =
2.3548904074841805e-28
2-sigma zack's method =
1.4774135191468789e-28