n-power=
0
dm_mass=
1000
stepsize =
5.636765862528908e-26
fisher matrix =
[[25889116232015.94, -4142103985853.826, -1174320697523.5164, 1.3798802661011823e+20, 501147261091.1609, -607369939459.8015, -8.756784585352605e+31], [-4142103985853.8267, 664064528640.9474, 187816878335.97644, -2.2035418228992684e+19, -79982851077.14984, 97140939944.1797, 1.334373702333488e+31], [-1174320697523.5164, 187816878335.97644, 53296058070.83382, -6.262898503865866e+18, -22749991598.749367, 27550073181.773567, 4.0454742150173426e+30], [1.3798802661011823e+20, -2.2035418228992684e+19, -6.262898503865866e+18, 7.373631545314234e+26, 2.678631115707918e+18, -3.240207634951248e+18, -4.903566196311376e+38], [501147261091.1609, -79982851077.14983, -22749991598.749367, 2.678631115707918e+18, 9735126813.407946, -11765465798.958294, -1.812016235415256e+30], [-607369939459.8015, 97140939944.1797, 27550073181.773567, -3.240207634951248e+18, -11765465798.958292, 14258582771.85994, 2.0713513451739832e+30], [-8.756784585352603e+31, 1.334373702333488e+31, 4.045474215017342e+30, -4.903566196311376e+38, -1.812016235415256e+30, 2.0713513451739835e+30, 7.481652758365999e+50]]
sigma_dmb
from cov matrix =
1.92078800200574e-25
2-sigma =
4.763554244974235e-25
2-sigma zack's method =
