n-power=
0
dm_mass=
100
stepsize =
3.990524629937759e-26
fisher matrix =
[[25889116232015.94, -4142103985853.826, -1174320697523.5164, 1.3798802661011823e+20, 501147261091.1609, -607369939459.8015, -8.453255304440273e+32], [-4142103985853.8267, 664064528640.9474, 187816878335.97644, -2.2035418228992684e+19, -79982851077.14984, 97140939944.1797, 1.2865721940109116e+32], [-1174320697523.5164, 187816878335.97644, 53296058070.83382, -6.262898503865866e+18, -22749991598.749367, 27550073181.773567, 3.9068246870819543e+31], [1.3798802661011823e+20, -2.2035418228992684e+19, -6.262898503865866e+18, 7.373631545314234e+26, 2.678631115707918e+18, -3.240207634951248e+18, -4.73923082938403e+39], [501147261091.1609, -79982851077.14983, -22749991598.749367, 2.678631115707918e+18, 9735126813.407946, -11765465798.958294, -1.7519372533586817e+31], [-607369939459.8015, 97140939944.1797, 27550073181.773567, -3.240207634951248e+18, -11765465798.958292, 14258582771.85994, 2.0000520348579031e+31], [-8.453255304440273e+32, 1.2865721940109116e+32, 3.9068246870819543e+31, -4.73923082938403e+39, -1.7519372533586821e+31, 2.0000520348579031e+31, 7.171132848098777e+52]]
sigma_dmb
from cov matrix =
1.9571669321036348e-26
2-sigma =
4.853773991617014e-26
2-sigma zack's method =
3.042047458633405e-26