n-power=
0
dm_mass=
10
stepsize =
2.8250750892455087e-26
fisher matrix =
[[20671096359666.508, -3307220554964.78, -938162584166.063, 1.102154116592432e+20, 400282612364.6523, -485117945417.9209, -6.345275330381463e+33], [-3307220554964.78, 530524835788.4991, 150033214520.2806, -1.759170345517789e+19, -63850273779.28017, 77582911285.5573, 9.686653200886969e+32], [-938162584166.0627, 150033214520.2806, 42607087293.07779, -5.005758267102209e+18, -18183345474.41044, 22016809676.91245, 2.927593164520105e+32], [1.102154116592432e+20, -1.7591703455177888e+19, -5.005758267102209e+18, 5.895020648887457e+26, 2.1413529793457605e+18, -2.5894198668898253e+18, -3.5420076223094443e+40], [400282612364.6523, -63850273779.28017, -18183345474.41044, 2.1413529793457605e+18, 7782186181.533244, -9401639839.512737, -1.3035359959282564e+32], [-485117945417.92084, 77582911285.5573, 22016809676.91245, -2.5894198668898253e+18, -9401639839.512735, 11394243157.299028, 1.499669113372517e+32], [-6.345275330381464e+33, 9.686653200886969e+32, 2.9275931645201053e+32, -3.5420076223094443e+40, -1.3035359959282568e+32, 1.4996691133725173e+32, 3.952191483584158e+54]]
sigma_dmb
from cov matrix =
3.2357157915399415e-27
2-sigma =
8.024575163019055e-27
2-sigma zack's method =
5.029137077654407e-27