n-power=
0
dm_mass=
1e-05
stepsize =
2e-27
fisher matrix =
[[20671096359666.508, -3307220554964.78, -938162584166.063, 1.102154116592432e+20, 400282612364.6523, -485117945417.9209, -7.7827052895035605e+34], [-3307220554964.78, 530524835788.4991, 150033214520.2806, -1.759170345517789e+19, -63850273779.28017, 77582911285.5573, 7.383233473312021e+33], [-938162584166.0627, 150033214520.2806, 42607087293.07779, -5.005758267102209e+18, -18183345474.41044, 22016809676.91245, 4.059880097596786e+33], [1.102154116592432e+20, -1.7591703455177888e+19, -5.005758267102209e+18, 5.895020648887457e+26, 2.1413529793457605e+18, -2.5894198668898253e+18, -5.862964210251925e+41], [400282612364.6523, -63850273779.28017, -18183345474.41044, 2.1413529793457605e+18, 7782186181.533244, -9401639839.512737, -2.3246184694356504e+33], [-485117945417.92084, 77582911285.5573, 22016809676.91245, -2.5894198668898253e+18, -9401639839.512735, 11394243157.299028, 1.9332145983336242e+33], [-7.78270528950356e+34, 7.383233473312026e+33, 4.059880097596786e+33, -5.862964210251925e+41, -2.32461846943565e+33, 1.9332145983336242e+33, 2.5057153311910213e+58]]
sigma_dmb
from cov matrix =
2.4650385379424138e-29
2-sigma =
6.113295574097186e-29
2-sigma zack's method =
3.835702902363819e-29