n-power=
0
dm_mass=
1
stepsize =
2e-26
fisher matrix =
[[1223642261.7112858, -1367444591.8108003, 75887140.26262179, -3.5494481568509476e+16, -172325835.8940223, 93327.72455876131, 3.463680853556412e+32], [-1367444591.8108003, 1528365939.1692963, -84822456.16506737, 3.967551529555818e+16, 192655918.31041655, -104325.99911658194, -3.878829323297944e+32], [75887140.26262179, -84822456.16506737, 4708669.708036507, -2203773551413332.8, -10668719.504742011, 5797.556446992611, 2.1438880688878632e+31], [-3.5494481568509476e+16, 3.967551529555818e+16, -2203773551413332.8, 1.0330576860975068e+24, 4959732846479299.0, -2721151548287.3394, -9.906111404624576e+39], [-172325835.8940223, 192655918.31041655, -10668719.504742011, 4959732846479299.0, 24895555.45978577, -12977.475201265892, -5.162005223819314e+31], [93327.72455876131, -104325.99911658194, 5797.556446992611, -2721151548287.3394, -12977.475201265892, 7.175049510598837, 2.579221672389663e+28], [3.463680853556412e+32, -3.878829323297944e+32, 2.1438880688878632e+31, -9.906111404624576e+39, -5.162005223819314e+31, 2.579221672389663e+28, 1.1276799968107028e+56]]
sigma_dmb
from cov matrix =
2.4032692700073515e-27
2-sigma =
5.9601077896182316e-27
2-sigma zack's method =
