n-power=
-4
dm_mass=
0.0001
stepsize =
3e-43
fisher matrix =
[[20671096359666.508, -3307220554964.78, -938162584166.063, 1.102154116592432e+20, 400282612364.6523, -485117945417.9209, -4.012982703755295e+50], [-3307220554964.78, 530524835788.4991, 150033214520.2806, -1.759170345517789e+19, -63850273779.28017, 77582911285.5573, 6.374616808793998e+49], [-938162584166.0627, 150033214520.2806, 42607087293.07779, -5.005758267102209e+18, -18183345474.41044, 22016809676.91245, 1.825668515241793e+49], [1.102154116592432e+20, -1.7591703455177888e+19, -5.005758267102209e+18, 5.895020648887457e+26, 2.1413529793457605e+18, -2.5894198668898253e+18, -2.1564862185719176e+57], [400282612364.6523, -63850273779.28017, -18183345474.41044, 2.1413529793457605e+18, 7782186181.533244, -9401639839.512737, -7.844478229220717e+48], [-485117945417.92084, 77582911285.5573, 22016809676.91245, -2.5894198668898253e+18, -9401639839.512735, 11394243157.299028, 9.433742582666418e+48], [-4.012982703755295e+50, 6.374616808793998e+49, 1.825668515241793e+49, -2.1564862185719176e+57, -7.844478229220717e+48, 9.433742582666416e+48, 7.968201800661122e+87]]
sigma_dmb
from cov matrix =
1.2910666437032647e-42
2-sigma =
3.201845276384096e-42
2-sigma zack's method =
2.009688532094471e-42