n-power=
-4
dm_mass=
0.01
stepsize =
1.6e-42
fisher matrix =
[[25889116232015.94, -4142103985853.826, -1174320697523.5164, 1.3798802661011823e+20, 501147261091.1609, -607369939459.8015, -5.015297098848779e+50], [-4142103985853.8267, 664064528640.9474, 187816878335.97644, -2.2035418228992684e+19, -79982851077.14984, 97140939944.1797, 7.978841876127687e+49], [-1174320697523.5164, 187816878335.97644, 53296058070.83382, -6.262898503865866e+18, -22749991598.749367, 27550073181.773567, 2.2794775823760776e+49], [1.3798802661011823e+20, -2.2035418228992684e+19, -6.262898503865866e+18, 7.373631545314234e+26, 2.678631115707918e+18, -3.240207634951248e+18, -2.690302390899844e+57], [501147261091.1609, -79982851077.14983, -22749991598.749367, 2.678631115707918e+18, 9735126813.407946, -11765465798.958294, -9.78629766683092e+48], [-607369939459.8015, 97140939944.1797, 27550073181.773567, -3.240207634951248e+18, -11765465798.958292, 14258582771.85994, 1.1783164088867347e+49], [-5.015297098848778e+50, 7.978841876127686e+49, 2.2794775823760776e+49, -2.690302390899844e+57, -9.78629766683092e+48, 1.1783164088867347e+49, 9.895919520724397e+87]]
sigma_dmb
from cov matrix =
1.3696041737199673e-42
2-sigma =
3.396618350825519e-42
2-sigma zack's method =
2.1308922275643772e-42