n-power=
-4
dm_mass=
0.1
stepsize =
5e-43
fisher matrix =
[[25889116232015.94, -4142103985853.826, -1174320697523.5164, 1.3798802661011823e+20, 501147261091.1609, -607369939459.8015, -4.541785255078861e+50], [-4142103985853.8267, 664064528640.9474, 187816878335.97644, -2.2035418228992684e+19, -79982851077.14984, 97140939944.1797, 7.224943973929621e+49], [-1174320697523.5164, 187816878335.97644, 53296058070.83382, -6.262898503865866e+18, -22749991598.749367, 27550073181.773567, 2.0643270499345406e+49], [1.3798802661011823e+20, -2.2035418228992684e+19, -6.262898503865866e+18, 7.373631545314234e+26, 2.678631115707918e+18, -3.240207634951248e+18, -2.4365249357158025e+57], [501147261091.1609, -79982851077.14983, -22749991598.749367, 2.678631115707918e+18, 9735126813.407946, -11765465798.958294, -8.863364421129178e+48], [-607369939459.8015, 97140939944.1797, 27550073181.773567, -3.240207634951248e+18, -11765465798.958292, 14258582771.85994, 1.067088732204397e+49], [-4.541785255078861e+50, 7.22494397392962e+49, 2.06432704993454e+49, -2.4365249357158025e+57, -8.863364421129179e+48, 1.0670887322043968e+49, 8.119842344487743e+87]]
sigma_dmb
from cov matrix =
1.48773725801043e-42
2-sigma =
3.689588399865866e-42
2-sigma zack's method =
2.3142706321117505e-42