n-power=
-4
dm_mass=
1000
stepsize =
1e-39
fisher matrix =
[[20671096359666.508, -3307220554964.78, -938162584166.063, 1.102154116592432e+20, 400282612364.6523, -485117945417.9209, -3.768552121205823e+47], [-3307220554964.78, 530524835788.4991, 150033214520.2806, -1.759170345517789e+19, -63850273779.28017, 77582911285.5573, 5.986399050852939e+46], [-938162584166.0627, 150033214520.2806, 42607087293.07779, -5.005758267102209e+18, -18183345474.41044, 22016809676.91245, 1.7144479995148323e+46], [1.102154116592432e+20, -1.7591703455177888e+19, -5.005758267102209e+18, 5.895020648887457e+26, 2.1413529793457605e+18, -2.5894198668898253e+18, -2.025110405415202e+54], [400282612364.6523, -63850273779.28017, -18183345474.41044, 2.1413529793457605e+18, 7782186181.533244, -9401639839.512737, -7.366549073698583e+45], [-485117945417.92084, 77582911285.5573, 22016809676.91245, -2.5894198668898253e+18, -9401639839.512735, 11394243157.299028, 8.859149386365293e+45], [-3.768552121205823e+47, 5.986399050852939e+46, 1.7144479995148323e+46, -2.025110405415202e+54, -7.366549073698583e+45, 8.859149386365293e+45, 7.02644585734901e+81]]
sigma_dmb
from cov matrix =
1.406587451859365e-39
2-sigma =
3.488336880611225e-39
2-sigma zack's method =
