n-power=
-4
dm_mass=
100
stepsize =
1e-40
fisher matrix =
[[20671096359666.508, -3307220554964.78, -938162584166.063, 1.102154116592432e+20, 400282612364.6523, -485117945417.9209, -3.757713127123531e+48], [-3307220554964.78, 530524835788.4991, 150033214520.2806, -1.759170345517789e+19, -63850273779.28017, 77582911285.5573, 5.969390579798568e+47], [-938162584166.0627, 150033214520.2806, 42607087293.07779, -5.005758267102209e+18, -18183345474.41044, 22016809676.91245, 1.709491675758484e+47], [1.102154116592432e+20, -1.7591703455177888e+19, -5.005758267102209e+18, 5.895020648887457e+26, 2.1413529793457605e+18, -2.5894198668898253e+18, -2.0192051410710068e+55], [400282612364.6523, -63850273779.28017, -18183345474.41044, 2.1413529793457605e+18, 7782186181.533244, -9401639839.512737, -7.345006705527462e+46], [-485117945417.92084, 77582911285.5573, 22016809676.91245, -2.5894198668898253e+18, -9401639839.512735, 11394243157.299028, 8.833598719411435e+46], [-3.757713127123531e+48, 5.969390579798568e+47, 1.7094916757584842e+47, -2.0192051410710068e+55, -7.345006705527463e+46, 8.833598719411435e+46, 6.984477031381518e+83]]
sigma_dmb
from cov matrix =
1.4196165168260022e-40
2-sigma =
3.5206489617284852e-40
2-sigma zack's method =
2.208406049897118e-40