n-power=
-4
dm_mass=
10
stepsize =
8e-42
fisher matrix =
[[20671096359666.508, -3307220554964.78, -938162584166.063, 1.102154116592432e+20, 400282612364.6523, -485117945417.9209, -3.46021623447455e+49], [-3307220554964.78, 530524835788.4991, 150033214520.2806, -1.759170345517789e+19, -63850273779.28017, 77582911285.5573, 5.4967047805901053e+48], [-938162584166.0627, 150033214520.2806, 42607087293.07779, -5.005758267102209e+18, -18183345474.41044, 22016809676.91245, 1.5741643244593972e+48], [1.102154116592432e+20, -1.7591703455177888e+19, -5.005758267102209e+18, 5.895020648887457e+26, 2.1413529793457605e+18, -2.5894198668898253e+18, -1.8593808282035514e+56], [400282612364.6523, -63850273779.28017, -18183345474.41044, 2.1413529793457605e+18, 7782186181.533244, -9401639839.512737, -6.763664897393022e+47], [-485117945417.92084, 77582911285.5573, 22016809676.91245, -2.5894198668898253e+18, -9401639839.512735, 11394243157.299028, 8.134272473273231e+47], [-3.46021623447455e+49, 5.496704780590105e+48, 1.5741643244593972e+48, -1.8593808282035514e+56, -6.763664897393023e+47, 8.134272473273231e+47, 5.923003555935457e+85]]
sigma_dmb
from cov matrix =
1.5393700789048996e-41
2-sigma =
3.8176377956841507e-41
2-sigma zack's method =
2.396121420897888e-41