n-power=
2
dm_mass=
1
stepsize =
4e-19
fisher matrix =
[[257004680224.34918, -30127166721.34548, -7401589072.410129, 8.722441471809773e+17, 3365050432.2089505, -4227844789.1819334, 1.1252088796375733e+26], [-30127166721.34548, 8325702585.687976, 1032036850.1533803, 3808303120956484.5, 122407110.76634748, 419411110.43853396, -1.3307826802949281e+26], [-7401589072.410129, 1032036850.1533802, 357458985.35337234, -3.2026041696498772e+16, -129045922.0071935, 116670384.50740154, 7.442222749573482e+24], [8.722441471809773e+17, 3808303120956486.0, -3.2026041696498772e+16, 7.747932644628467e+24, 3.00516319691724e+16, -2.2728388166789692e+16, -3.4183400276102906e+33], [3365050432.2089505, 122407110.76634748, -129045922.0071935, 3.00516319691724e+16, 128171716.61676303, -77725004.95978788, -1.797677892558427e+25], [-4227844789.1819334, 419411110.43853396, 116670384.50740154, -2.2728388166789692e+16, -77725004.95978788, 100275514.97685932, 1.1096942100438799e+23], [1.1252088796375733e+26, -1.3307826802949281e+26, 7.442222749573482e+24, -3.4183400276102906e+33, -1.797677892558427e+25, 1.10969421004388e+23, 5.572746779701003e+42]]
sigma_dmb
from cov matrix =
1.349937250722069e-21
2-sigma =
3.347844381790731e-21
2-sigma zack's method =
2.1007896470135523e-21