n-power=
2.0
dm_mass=
0.01
stepsize =
2e-19
fisher matrix =
[[288513283.3155446, -62339813.45384248, -18880812.548323583, 738827545577765.5, 3111475.8544220594, -3305891.4002736025, 8.088545558569902e+23], [-62339813.45384248, 34217853.671669096, 7591472.290584558, -1303275738007589.8, -1321451.14878883, 5727488.511691988, -4.981153920361031e+23], [-18880812.548323583, 7591472.290584558, 1928507.9520240969, -177048396680976.94, -308534.5714632121, 776791.6234320917, -9.377448206569689e+22], [738827545577765.4, -1303275738007589.2, -177048396680976.94, 1.777531195945265e+23, 184105800417849.78, -779548320177615.1, 6.007290957189337e+31], [3111475.8544220594, -1321451.14878883, -308534.5714632121, 184105800417849.78, 407942.0728714201, -814909.0430604813, 9.331986553249916e+22], [-3305891.4002736015, 5727488.5116919875, 776791.6234320917, -779548320177615.1, -814909.0430604815, 3490380.073714657, -2.6379096812960518e+23], [8.088545558569902e+23, -4.9811539203610314e+23, -9.377448206569689e+22, 6.007290957189337e+31, 9.331986553249916e+22, -2.6379096812960518e+23, 2.586968751223109e+40]]
sigma_dmeff
from cov matrix =
3.4227937564538505e-20
2-sigma =
8.48852851600555e-20
