n-power=
2
dm_mass=
0.01
stepsize =
1e-21
fisher matrix =
[[1238861979.0428388, -1376164944.9193726, 76287904.92826001, -3.5709703880460724e+16, -173694714.29478198, 94020.25226026984, 5.679936680026637e+27], [-1376164944.9193726, 1528855603.777291, -84760274.16560088, 3.968174517187822e+16, 192911495.32143754, -104492.60333220847, -6.314503334424024e+27], [76287904.92826001, -84760274.16560088, 4700334.712277647, -2201863769521910.0, -10670435.941136057, 5800.905135985083, 3.4801710223323844e+26], [-3.5709703880460724e+16, 3.968174517187822e+16, -2201863769521910.0, 1.0330576860974628e+24, 4965379253898638.0, -2724958875332.218, -1.603671913099796e+35], [-173694714.29478198, 192911495.32143754, -10670435.941136057, 4965379253898638.0, 24956295.01978202, -13012.83357624171, -8.582358302094293e+26], [94020.25226026984, -104492.60333220847, 5800.905135985083, -2724958875332.218, -13012.83357624171, 7.1947864259096885, 4.169899478502281e+23], [5.679936680026637e+27, -6.314503334424024e+27, 3.4801710223323844e+26, -1.603671913099796e+35, -8.582358302094293e+26, 4.169899478502281e+23, 3.4362945286582936e+46]]
sigma_dmb
from cov matrix =
7.933097818679515e-23
2-sigma =
1.9674082590325195e-22
2-sigma zack's method =
1.234369007658635e-22