n-power=
2
dm_mass=
1000
stepsize =
5.0357016471766674e-17
fisher matrix =
[[1238861979.0428388, -1376164944.9193726, 76287904.92826001, -3.5709703880460724e+16, -173694714.29478198, 94020.25226026984, 9.23205533514756e+22], [-1376164944.9193726, 1528855603.777291, -84760274.16560088, 3.968174517187822e+16, 192911495.32143754, -104492.60333220847, -1.0262004815964378e+23], [76287904.92826001, -84760274.16560088, 4700334.712277647, -2201863769521910.0, -10670435.941136057, 5800.905135985083, 5.659089027643886e+21], [-3.5709703880460724e+16, 3.968174517187822e+16, -2201863769521910.0, 1.0330576860974628e+24, 4965379253898638.0, -2724958875332.218, -2.6116875778062196e+30], [-173694714.29478198, 192911495.32143754, -10670435.941136057, 4965379253898638.0, 24956295.01978202, -13012.83357624171, -1.3838630771095492e+22], [94020.25226026984, -104492.60333220847, 5800.905135985083, -2724958875332.218, -13012.83357624171, 7.1947864259096885, 6.799452114006051e+18], [9.23205533514756e+22, -1.0262004815964378e+23, 5.659089027643886e+21, -2.6116875778062196e+30, -1.3838630771095492e+22, 6.799452114006051e+18, 8.526929178046884e+36]]
sigma_dmb
from cov matrix =
7.29342474196927e-18
2-sigma =
1.808769336008379e-17
2-sigma zack's method =
