n-power=
2
dm_mass=
1e-05
stepsize =
1e-24
fisher matrix =
[[20671096359666.508, -3307220554964.78, -938162584166.063, 1.102154116592432e+20, 400282612364.6523, -485117945417.9209, 3.4513619192321035e+32], [-3307220554964.78, 530524835788.4991, 150033214520.2806, -1.759170345517789e+19, -63850273779.28017, 77582911285.5573, -6.210080910438354e+31], [-938162584166.0627, 150033214520.2806, 42607087293.07779, -5.005758267102209e+18, -18183345474.41044, 22016809676.91245, -1.494202315111105e+31], [1.102154116592432e+20, -1.7591703455177888e+19, -5.005758267102209e+18, 5.895020648887457e+26, 2.1413529793457605e+18, -2.5894198668898253e+18, 1.6086628969073146e+39], [400282612364.6523, -63850273779.28017, -18183345474.41044, 2.1413529793457605e+18, 7782186181.533244, -9401639839.512737, 5.564893770346411e+30], [-485117945417.92084, 77582911285.5573, 22016809676.91245, -2.5894198668898253e+18, -9401639839.512735, 11394243157.299028, -7.958414013429561e+30], [3.4513619192321035e+32, -6.210080910438354e+31, -1.494202315111105e+31, 1.6086628969073146e+39, 5.564893770346411e+30, -7.958414013429561e+30, 5.486417406865076e+52]]
sigma_dmb
from cov matrix =
1.3872687173032028e-26
2-sigma =
3.440426418911943e-26
2-sigma zack's method =
