n-power=
4
dm_mass=
0.01
stepsize =
1.8973665961010275e-15
fisher matrix =
[[284305362.34122974, -61011380.79661474, -18909870.63770958, 663310422725675.9, 2918834.7763865334, -2985232.5376811167, 3.478972425459901e+18], [-61011380.79661473, 33544652.913486823, 7564943.644878147, -1290696407249238.0, -1297922.3108012574, 5683703.67362347, -1.6116909935867456e+18], [-18909870.63770958, 7564943.644878147, 1959768.6381527386, -177633700833382.7, -308460.13796005264, 780913.2891246994, -3.139467814419912e+17], [663310422725676.0, -1290696407249238.0, -177633700833382.66, 1.762373734403774e+23, 182114320142771.88, -774355838333228.1, 2.3443701015554465e+26], [2918834.776386533, -1297922.3108012574, -308460.13796005264, 182114320142771.88, 404393.97181107197, -808459.8843466316, 4.106458725295858e+17], [-2985232.537681117, 5683703.67362347, 780913.2891246995, -774355838333228.1, -808459.8843466315, 3468075.5560632213, -1.0316662758469842e+18], [3.478972425459901e+18, -1.6116909935867459e+18, -3.139467814419912e+17, 2.3443701015554465e+26, 4.1064587252958586e+17, -1.0316662758469842e+18, 5.190944455940127e+29]]
sigma_dmb
from cov matrix =
4.229741108101358e-15
2-sigma =
