n-power=
4
dm_mass=
0.1
stepsize =
3.374047951142095e-14
fisher matrix =
[[284305362.34122974, -61011380.79661474, -18909870.63770958, 663310422725675.9, 2918834.7763865334, -2985232.5376811167, 3.673739420592455e+16], [-61011380.79661473, 33544652.913486823, 7564943.644878147, -1290696407249238.0, -1297922.3108012574, 5683703.67362347, -1.7162544576850468e+16], [-18909870.63770958, 7564943.644878147, 1959768.6381527386, -177633700833382.7, -308460.13796005264, 780913.2891246994, -3325439781685672.5], [663310422725676.0, -1290696407249238.0, -177633700833382.66, 1.762373734403774e+23, 182114320142771.88, -774355838333228.1, 2.5078953445762384e+24], [2918834.776386533, -1297922.3108012574, -308460.13796005264, 182114320142771.88, 404393.97181107197, -808459.8843466316, 4383712548077285.5], [-2985232.537681117, 5683703.67362347, 780913.2891246995, -774355838333228.1, -808459.8843466315, 3468075.5560632213, -1.1036242939463032e+16], [3.673739420592455e+16, -1.7162544576850466e+16, -3325439781685673.0, 2.5078953445762384e+24, 4383712548077285.5, -1.1036242939463032e+16, 5.936721276789238e+25]]
sigma_dmb
from cov matrix =
3.9231792026762505e-13
2-sigma =
