n-power=
4
dm_mass=
1e-05
stepsize =
4e-18
fisher matrix =
[[284377286.72229683, -61111739.97848561, -18903101.7183825, 659035207608472.6, 2920622.7412721864, -2985218.817921303, 7.1433892905096676e+22], [-61111739.97848561, 33698251.599707045, 7554156.015874816, -1283699460265280.8, -1303214.3461170702, 5683680.867815896, -2.5214318273405408e+23], [-18903101.7183825, 7554156.015874814, 1960538.6689072843, -178138296989380.5, -308013.71297867515, 780914.9433835647, -4.526602079614294e+22], [659035207608472.5, -1283699460265280.5, -178138296989380.5, 1.765702646382906e+23, 181792419590992.0, -774356933770897.8, 1.6256825523258554e+31], [2920622.7412721864, -1303214.3461170702, -308013.7129786752, 181792419590992.03, 405041.79634023824, -808458.7752435027, 1.035589064401758e+22], [-2985218.817921303, 5683680.867815897, 780914.9433835647, -774356933770897.8, -808458.7752435027, 3468075.559675429, -7.167768613288558e+22], [7.1433892905096676e+22, -2.5214318273405408e+23, -4.526602079614294e+22, 1.6256825523258556e+31, 1.035589064401758e+22, -7.167768613288558e+22, 3.984773915529093e+39]]
sigma_dmb
from cov matrix =
3.168735362985318e-20
2-sigma =
4.928393742140666e-20