n-power=
4
dm_mass=
1
stepsize =
6e-13
fisher matrix =
[[284305362.34122974, -61011380.79661474, -18909870.63770958, 663310422725675.9, 2918834.7763865334, -2985232.5376811167, 1453811575177460.8], [-61011380.79661473, 33544652.913486823, 7564943.644878147, -1290696407249238.0, -1297922.3108012574, 5683703.67362347, -721826277769177.9], [-18909870.63770958, 7564943.644878147, 1959768.6381527386, -177633700833382.7, -308460.13796005264, 780913.2891246994, -145133859578512.34], [663310422725676.0, -1290696407249238.0, -177633700833382.66, 1.762373734403774e+23, 182114320142771.88, -774355838333228.1, 8.631038155254462e+22], [2918834.776386533, -1297922.3108012574, -308460.13796005264, 182114320142771.88, 404393.97181107197, -808459.8843466316, 145759193233986.22], [-2985232.537681117, 5683703.67362347, 780913.2891246995, -774355838333228.1, -808459.8843466315, 3468075.5560632213, -379802680104337.44], [1453811575177461.0, -721826277769177.9, -145133859578512.34, 8.631038155254462e+22, 145759193233986.22, -379802680104337.44, 6.582335714964111e+22]]
sigma_dmb
from cov matrix =
1.2591667305494628e-11
2-sigma =
