n-power=
-4
dm_mass=
0.1
stepsize =
5e-43
fisher matrix =
[[89053004059.43597, -14934039028.019135, -2940885090.4300942, 2.802243714152171e+17, 1439387238.7181916, -1829765163.669855, -9.255171970115101e+47], [-14934039028.019136, 7723175693.371375, 409376095.52209485, 1.6377879465343898e+17, -231079982.89906472, 209106563.68674743, -3.896570216942e+47], [-2940885090.4300947, 409376095.52209485, 227128763.07496467, -2.761015268097122e+16, -33869122.070339784, 55579902.966959886, 6.906146247501938e+46], [2.802243714152171e+17, 1.6377879465343898e+17, -2.761015268097122e+16, 1.3049938450145515e+25, 2050827282586949.5, -1.457540694673369e+16, -2.988781853068338e+55], [1439387238.7181916, -231079982.89906472, -33869122.070339784, 2050827282586948.8, 60118198.784814075, -42876207.81991908, -4.068867403379615e+46], [-1829765163.669855, 209106563.68674743, 55579902.966959886, -1.457540694673369e+16, -42876207.81991908, 64308617.49249772, 4.5546524783163785e+46], [-9.255171970115101e+47, -3.896570216942001e+47, 6.906146247501938e+46, -2.988781853068338e+55, -4.068867403379615e+46, 4.5546524783163785e+46, 1.0223812474588069e+86]]
sigma_dmb
from cov matrix =
5.390185517378499e-43
2-sigma =
1.3367660083098678e-42
2-sigma zack's method =
8.386239278704445e-43