n-power=
-4
dm_mass=
1e-05
stepsize =
3e-43
fisher matrix =
[[89053004059.43597, -14934039028.019135, -2940885090.4300942, 2.802243714152171e+17, 1439387238.7181916, -1829765163.669855, -1.0242373117821008e+48], [-14934039028.019136, 7723175693.371375, 409376095.52209485, 1.6377879465343898e+17, -231079982.89906472, 209106563.68674743, -4.31426321000921e+47], [-2940885090.4300947, 409376095.52209485, 227128763.07496467, -2.761015268097122e+16, -33869122.070339784, 55579902.966959886, 7.643193051570132e+46], [2.802243714152171e+17, 1.6377879465343898e+17, -2.761015268097122e+16, 1.3049938450145515e+25, 2050827282586949.5, -1.457540694673369e+16, -3.3084672254343686e+55], [1439387238.7181916, -231079982.89906472, -33869122.070339784, 2050827282586948.8, 60118198.784814075, -42876207.81991908, -4.5053271213422e+46], [-1829765163.669855, 209106563.68674743, 55579902.966959886, -1.457540694673369e+16, -42876207.81991908, 64308617.49249772, 5.041390367016458e+46], [-1.0242373117821008e+48, -4.31426321000921e+47, 7.643193051570132e+46, -3.3084672254343686e+55, -4.5053271213422e+46, 5.041390367016458e+46, 1.2528776538723205e+86]]
sigma_dmb
from cov matrix =
4.884853260678508e-43
2-sigma =
1.21144360864827e-42
2-sigma zack's method =
7.600430970106842e-43