n-power=
0
dm_mass=
0.001
stepsize =
7.09626778467151e-27
fisher matrix =
[[284305362.34122974, -61011380.79661474, -18909870.63770958, 663310422725675.9, 2918834.7763865334, -2985232.5376811167, 3.689997184442835e+29], [-61011380.79661473, 33544652.913486823, 7564943.644878147, -1290696407249238.0, -1297922.3108012574, 5683703.67362347, -7.968133917785362e+28], [-18909870.63770958, 7564943.644878147, 1959768.6381527386, -177633700833382.7, -308460.13796005264, 780913.2891246994, -3.447664127418643e+28], [663310422725676.0, -1290696407249238.0, -177633700833382.66, 1.762373734403774e+23, 182114320142771.88, -774355838333228.1, -2.616525309707878e+37], [2918834.776386533, -1297922.3108012574, -308460.13796005264, 182114320142771.88, 404393.97181107197, -808459.8843466316, -4.287875181328549e+28], [-2985232.537681117, 5683703.67362347, 780913.2891246995, -774355838333228.1, -808459.8843466315, 3468075.5560632213, 1.1516256182406847e+29], [3.689997184442834e+29, -7.96813391778536e+28, -3.447664127418643e+28, -2.6165253097078784e+37, -4.28787518132855e+28, 1.151625618240685e+29, 8.403042628524302e+51]]
sigma_dmb
from cov matrix =
5.275202434674295e-26
2-sigma =
8.204285200127721e-26