n-power=
0.0
dm_mass=
0.01
stepsize =
1.0023744672545445e-26
fisher matrix =
[[288513283.3155446, -62339813.45384248, -18880812.548323583, 738827545577765.5, 3111475.8544220594, -3305891.4002736025, 1.561530374589515e+29], [-62339813.45384248, 34217853.671669096, 7591472.290584558, -1303275738007589.8, -1321451.14878883, 5727488.511691988, -9.574168255776856e+28], [-18880812.548323583, 7591472.290584558, 1928507.9520240969, -177048396680976.94, -308534.5714632121, 776791.6234320917, -2.4675737954235374e+28], [738827545577765.4, -1303275738007589.2, -177048396680976.94, 1.777531195945265e+23, 184105800417849.78, -779548320177615.1, -6.979513214050045e+36], [3111475.8544220594, -1321451.14878883, -308534.5714632121, 184105800417849.78, 407942.0728714201, -814909.0430604813, -1.531566358231579e+28], [-3305891.4002736015, 5727488.5116919875, 776791.6234320917, -779548320177615.1, -814909.0430604815, 3490380.073714657, 3.0661786920770138e+28], [1.561530374589515e+29, -9.574168255776856e+28, -2.467573795423538e+28, -6.979513214050045e+36, -1.5315663582315789e+28, 3.0661786920770138e+28, 1.566812171512895e+51]]
2.9729304876029988e-25
from cov matrix =
1.0301193610630379e-25
2-sigma =
2.554696015436334e-25
