n-power=
0.0
dm_mass=
0.1
stepsize =
1.415891568768276e-26
fisher matrix =
[[288513283.3155446, -62339813.45384248, -18880812.548323583, 738827545577765.5, 3111475.8544220594, -3305891.4002736025, 6.359405303209278e+28], [-62339813.45384248, 34217853.671669096, 7591472.290584558, -1303275738007589.8, -1321451.14878883, 5727488.511691988, -2.964425951942374e+28], [-18880812.548323583, 7591472.290584558, 1928507.9520240969, -177048396680976.94, -308534.5714632121, 776791.6234320917, -1.1471796501690963e+28], [738827545577765.4, -1303275738007589.2, -177048396680976.94, 1.777531195945265e+23, 184105800417849.78, -779548320177615.1, -1.1709656846260107e+37], [3111475.8544220594, -1321451.14878883, -308534.5714632121, 184105800417849.78, 407942.0728714201, -814909.0430604813, -2.140930565956257e+28], [-3305891.4002736015, 5727488.5116919875, 776791.6234320917, -779548320177615.1, -814909.0430604815, 3490380.073714657, 5.1429902299516655e+28], [6.359405303209285e+28, -2.964425951942376e+28, -1.147179650169096e+28, -1.1709656846260107e+37, -2.140930565956257e+28, 5.1429902299516655e+28, 1.7901077343240334e+51]]
sigma_dmeff
from cov matrix =
1.198762293388306e-25
2-sigma =
2.9729304876029988e-25
