n-power=
0
dm_mass=
1000
stepsize =
5.636765862528908e-26
fisher matrix =
[[284305362.34122974, -61011380.79661474, -18909870.63770958, 663310422725675.9, 2918834.7763865334, -2985232.5376811167, 9.413743900096447e+25], [-61011380.79661473, 33544652.913486823, 7564943.644878147, -1290696407249238.0, -1297922.3108012574, 5683703.67362347, 1.563798086136654e+26], [-18909870.63770958, 7564943.644878147, 1959768.6381527386, -177633700833382.7, -308460.13796005264, 780913.2891246994, 1.0241215846914061e+25], [663310422725676.0, -1290696407249238.0, -177633700833382.66, 1.762373734403774e+23, 182114320142771.88, -774355838333228.1, -4.806521663805542e+34], [2918834.776386533, -1297922.3108012574, -308460.13796005264, 182114320142771.88, 404393.97181107197, -808459.8843466316, -7.1204201074508244e+25], [-2985232.537681117, 5683703.67362347, 780913.2891246995, -774355838333228.1, -808459.8843466315, 3468075.5560632213, 2.115184797964331e+26], [9.413743900096447e+25, 1.5637980861366538e+26, 1.0241215846914061e+25, -4.806521663805542e+34, -7.1204201074508244e+25, 2.1151847979643306e+26, 1.7235698161582404e+46]]
sigma_dmb
from cov matrix =
4.831873596840733e-23
2-sigma =
