n-power=
0
dm_mass=
1
stepsize =
2e-26
fisher matrix =
[[284377286.72229683, -61111739.97848561, -18903101.7183825, 659035207608472.6, 2920622.7412721864, -2985218.817921303, 3.2640085014552146e+28], [-61111739.97848561, 33698251.599707045, 7554156.015874816, -1283699460265280.8, -1303214.3461170702, 5683680.867815896, 7.182137183987898e+28], [-18903101.7183825, 7554156.015874814, 1960538.6689072843, -178138296989380.5, -308013.71297867515, 780914.9433835647, 4.9074628281274284e+27], [659035207608472.5, -1283699460265280.5, -178138296989380.5, 1.765702646382906e+23, 181792419590992.0, -774356933770897.8, -2.4018208728348973e+37], [2920622.7412721864, -1303214.3461170702, -308013.7129786752, 181792419590992.03, 405041.79634023824, -808458.7752435027, -3.671995143998348e+28], [-2985218.817921303, 5683680.867815897, 780914.9433835647, -774356933770897.8, -808458.7752435027, 3468075.559675429, 1.0538905683049341e+29], [3.2640085014552084e+28, 7.1821371839878955e+28, 4.9074628281274284e+27, -2.4018208728348973e+37, -3.671995143998348e+28, 1.0538905683049341e+29, 4.466216601531019e+51]]
sigma_dmb
from cov matrix =
9.477374253481914e-26
2-sigma =
1.4751806315042737e-25