n-power=
-4
dm_mass=
1
stepsize =
2.5e-43
fisher matrix =
[[284305362.34122974, -61011380.79661474, -18909870.63770958, 663310422725675.9, 2918834.7763865334, -2985232.5376811167, 9.687468189143452e+43], [-61011380.79661473, 33544652.913486823, 7564943.644878147, -1290696407249238.0, -1297922.3108012574, 5683703.67362347, 1.110715220029499e+45], [-18909870.63770958, 7564943.644878147, 1959768.6381527386, -177633700833382.7, -308460.13796005264, 780913.2891246994, 1.3066864190528288e+44], [663310422725676.0, -1290696407249238.0, -177633700833382.66, 1.762373734403774e+23, 182114320142771.88, -774355838333228.1, -2.2277625571239076e+53], [2918834.776386533, -1297922.3108012574, -308460.13796005264, 182114320142771.88, 404393.97181107197, -808459.8843466316, -3.1292555370440913e+44], [-2985232.537681117, 5683703.67362347, 780913.2891246995, -774355838333228.1, -808459.8843466315, 3468075.5560632213, 9.803111975555157e+44], [9.687468189143388e+43, 1.110715220029499e+45, 1.3066864190528284e+44, -2.2277625571239076e+53, -3.129255537044092e+44, 9.803111975555157e+44, 3.347615868275324e+83]]
sigma_dmb
from cov matrix =
1.1246100824805644e-41
2-sigma =
