n-power=
-2
dm_mass=
0.1
stepsize =
9.486832980505138e-35
fisher matrix =
[[20671096359666.508, -3307220554964.78, -938162584166.063, 1.102154116592432e+20, 400282612364.6523, -485117945417.9209, -3.728207723729138e+42], [-3307220554964.78, 530524835788.4991, 150033214520.2806, -1.759170345517789e+19, -63850273779.28017, 77582911285.5573, 5.878082992676431e+41], [-938162584166.0627, 150033214520.2806, 42607087293.07779, -5.005758267102209e+18, -18183345474.41044, 22016809676.91245, 1.7006825084103715e+41], [1.102154116592432e+20, -1.7591703455177888e+19, -5.005758267102209e+18, 5.895020648887457e+26, 2.1413529793457605e+18, -2.5894198668898253e+18, -2.0181924453470469e+49], [400282612364.6523, -63850273779.28017, -18183345474.41044, 2.1413529793457605e+18, 7782186181.533244, -9401639839.512737, -7.358272842774691e+40], [-485117945417.92084, 77582911285.5573, 22016809676.91245, -2.5894198668898253e+18, -9401639839.512735, 11394243157.299028, 8.772781641267231e+40], [-3.728207723729138e+42, 5.878082992676431e+41, 1.7006825084103715e+41, -2.0181924453470474e+49, -7.358272842774691e+40, 8.772781641267231e+40, 7.377091638075759e+71]]
sigma_dmb
from cov matrix =
2.926798900519646e-35
2-sigma =
7.258461273288723e-35
2-sigma zack's method =
4.551627286729295e-35