n-power=
-2
dm_mass=
1000
stepsize =
9.486832980505137e-33
fisher matrix =
[[20671096359666.508, -3307220554964.78, -938162584166.063, 1.102154116592432e+20, 400282612364.6523, -485117945417.9209, -3.648695527315922e+39], [-3307220554964.78, 530524835788.4991, 150033214520.2806, -1.759170345517789e+19, -63850273779.28017, 77582911285.5573, 5.746843863318607e+38], [-938162584166.0627, 150033214520.2806, 42607087293.07779, -5.005758267102209e+18, -18183345474.41044, 22016809676.91245, 1.6650503608445873e+38], [1.102154116592432e+20, -1.7591703455177888e+19, -5.005758267102209e+18, 5.895020648887457e+26, 2.1413529793457605e+18, -2.5894198668898253e+18, -1.9772284514371846e+46], [400282612364.6523, -63850273779.28017, -18183345474.41044, 2.1413529793457605e+18, 7782186181.533244, -9401639839.512737, -7.210907891497281e+37], [-485117945417.92084, 77582911285.5573, 22016809676.91245, -2.5894198668898253e+18, -9401639839.512735, 11394243157.299028, 8.587174770198714e+37], [-3.648695527315922e+39, 5.746843863318607e+38, 1.6650503608445873e+38, -1.9772284514371846e+46, -7.210907891497281e+37, 8.587174770198714e+37, 7.15794301050524e+65]]
sigma_dmb
from cov matrix =
2.7566650856327553e-32
2-sigma =
6.836529412369234e-32
2-sigma zack's method =
4.2883922449203547e-32