n-power=
-2
dm_mass=
10
stepsize =
2e-33
fisher matrix =
[[20671096359666.508, -3307220554964.78, -938162584166.063, 1.102154116592432e+20, 400282612364.6523, -485117945417.9209, -3.497694612387838e+41], [-3307220554964.78, 530524835788.4991, 150033214520.2806, -1.759170345517789e+19, -63850273779.28017, 77582911285.5573, 5.513786385229057e+40], [-938162584166.0627, 150033214520.2806, 42607087293.07779, -5.005758267102209e+18, -18183345474.41044, 22016809676.91245, 1.5956175528495123e+40], [1.102154116592432e+20, -1.7591703455177888e+19, -5.005758267102209e+18, 5.895020648887457e+26, 2.1413529793457605e+18, -2.5894198668898253e+18, -1.8937118210682684e+48], [400282612364.6523, -63850273779.28017, -18183345474.41044, 2.1413529793457605e+18, 7782186181.533244, -9401639839.512737, -6.90469487856929e+39], [-485117945417.92084, 77582911285.5573, 22016809676.91245, -2.5894198668898253e+18, -9401639839.512735, 11394243157.299028, 8.230600197729201e+39], [-3.497694612387838e+41, 5.513786385229057e+40, 1.5956175528495123e+40, -1.8937118210682684e+48, -6.90469487856929e+39, 8.230600197729201e+39, 6.505275343291163e+69]]
sigma_dmb
from cov matrix =
3.089958019476364e-34
2-sigma =
7.663095888301383e-34
2-sigma zack's method =
4.8087521581928785e-34