n-power=
-2
dm_mass=
1e-05
stepsize =
3.035786553761644e-35
fisher matrix =
[[20671096359666.508, -3307220554964.78, -938162584166.063, 1.102154116592432e+20, 400282612364.6523, -485117945417.9209, -4.141930748322083e+42], [-3307220554964.78, 530524835788.4991, 150033214520.2806, -1.759170345517789e+19, -63850273779.28017, 77582911285.5573, 6.530062671042951e+41], [-938162584166.0627, 150033214520.2806, 42607087293.07779, -5.005758267102209e+18, -18183345474.41044, 22016809676.91245, 1.8894445154322078e+41], [1.102154116592432e+20, -1.7591703455177888e+19, -5.005758267102209e+18, 5.895020648887457e+26, 2.1413529793457605e+18, -2.5894198668898253e+18, -2.242255044850247e+49], [400282612364.6523, -63850273779.28017, -18183345474.41044, 2.1413529793457605e+18, 7782186181.533244, -9401639839.512737, -8.175337975702951e+40], [-485117945417.92084, 77582911285.5573, 22016809676.91245, -2.5894198668898253e+18, -9401639839.512735, 11394243157.299028, 9.746342952962426e+40], [-4.141930748322083e+42, 6.530062671042953e+41, 1.8894445154322078e+41, -2.242255044850247e+49, -8.175337975702951e+40, 9.746342952962426e+40, 9.110915823549952e+71]]
sigma_dmb
from cov matrix =
2.6097394269332173e-35
2-sigma =
6.472153778794379e-35
2-sigma zack's method =
4.060027569479582e-35