n-power=
-2
dm_mass=
1
stepsize =
3e-34
fisher matrix =
[[20671096359666.508, -3307220554964.78, -938162584166.063, 1.102154116592432e+20, 400282612364.6523, -485117945417.9209, -1.976166788780698e+42], [-3307220554964.78, 530524835788.4991, 150033214520.2806, -1.759170345517789e+19, -63850273779.28017, 77582911285.5573, 3.115400407650013e+41], [-938162584166.0627, 150033214520.2806, 42607087293.07779, -5.005758267102209e+18, -18183345474.41044, 22016809676.91245, 9.014938918301413e+40], [1.102154116592432e+20, -1.7591703455177888e+19, -5.005758267102209e+18, 5.895020648887457e+26, 2.1413529793457605e+18, -2.5894198668898253e+18, -1.0698760245676978e+49], [400282612364.6523, -63850273779.28017, -18183345474.41044, 2.1413529793457605e+18, 7782186181.533244, -9401639839.512737, -3.9008369571700165e+40], [-485117945417.92084, 77582911285.5573, 22016809676.91245, -2.5894198668898253e+18, -9401639839.512735, 11394243157.299028, 4.650179426424468e+40], [-1.976166788780698e+42, 3.1154004076500127e+41, 9.01493891830141e+40, -1.0698760245676978e+49, -3.9008369571700155e+40, 4.650179426424467e+40, 2.0752826363478504e+71]]
sigma_dmb
from cov matrix =
5.494697714120724e-35
2-sigma =
1.3626850331019396e-34
2-sigma zack's method =
8.548163609290444e-35