n-power=
0
dm_mass=
0.0001
stepsize =
2e-27
fisher matrix =
[[1.6880263521179105e+35, -1.886403059368157e+35, 1.0468704503313977e+34, -4.89649811189532e+42, -2.37725159764191e+34, 1.2874650052668259e+31, 5.220493408857308e+59], [-1.886403059368157e+35, 2.108395616698304e+35, -1.1701339985838296e+34, 5.4732757645452323e+42, 2.6577070534292085e+34, -1.4391872572855568e+31, -5.848772321463427e+59], [1.0468704503313977e+34, -1.1701339985838296e+34, 6.495655468137236e+32, -3.040126960351325e+41, -1.4717601886761437e+33, 7.997785045631647e+29, 3.2309701723583834e+58], [-4.89649811189532e+42, 5.4732757645452323e+42, -3.040126960351325e+41, 1.4251130838795984e+50, 6.841999503377075e+41, -3.7538549757197244e+38, -1.4904313455260067e+67], [-2.37725159764191e+34, 2.6577070534292085e+34, -1.4717601886761437e+33, 6.841999503377075e+41, 3.434365987126794e+33, -1.790255207674161e+30, -7.845304776745642e+58], [1.2874650052668259e+31, -1.4391872572855568e+31, 7.997785045631647e+29, -3.7538549757197244e+38, -1.790255207674161e+30, 9.897972145751684e+26, 3.8752434726694027e+55], [5.220493408857308e+59, -5.848772321463427e+59, 3.2309701723583834e+58, -1.4904313455260067e+67, -7.845304776745642e+58, 3.8752434726694027e+55, 1.9485357989314535e+84]]
sigma_dmb
from cov matrix =
1.5407015991862075e-41
2-sigma =
3.820939965981795e-41
2-sigma zack's method =
2.397630230150754e-41