n-power=
0
dm_mass=
10
stepsize =
2.8250750892455087e-26
fisher matrix =
[[60618167552.87502, -5263696421.621527, -1986667138.028728, 4.132314140101684e+17, 1313747392.126121, -1603086471.7244716, -4.630123149313516e+31], [-5263696421.621527, 997900989.4894072, 262033031.63481694, -3.342679748509222e+16, -97634938.1398534, 148539263.62378362, 1.7350733589648935e+30], [-1986667138.028728, 262033031.63481694, 92112396.77582042, -1.4147108966770182e+16, -43108181.62365938, 53661846.51529713, 1.5477590086022532e+30], [4.1323141401016826e+17, -3.342679748509222e+16, -1.4147108966770182e+16, 4.173011845548848e+24, 1.1451192485195446e+16, -1.6031944333975826e+16, -4.210161969166735e+38], [1313747392.126121, -97634938.1398534, -43108181.62365937, 1.1451192485195446e+16, 34796732.679253995, -43760682.72421761, -1.3125043789447454e+30], [-1603086471.7244716, 148539263.62378362, 53661846.51529713, -1.6031944333975826e+16, -43760682.72421761, 64320021.219559394, 1.433820015562159e+30], [-4.630123149313516e+31, 1.7350733589648935e+30, 1.547759008602253e+30, -4.210161969166736e+38, -1.312504378944745e+30, 1.433820015562159e+30, 7.175244821761668e+52]]
sigma_dmb
from cov matrix =
1.0606524233972826e-26
2-sigma =
2.6304180100252607e-26
2-sigma zack's method =
1.6492604326889172e-26