n-power=
0
dm_mass=
1
stepsize =
2e-26
fisher matrix =
[[89053004059.43597, -14934039028.019135, -2940885090.4300942, 2.802243714152171e+17, 1439387238.7181916, -1829765163.669855, -5.129631878099072e+31], [-14934039028.019136, 7723175693.371375, 409376095.52209485, 1.6377879465343898e+17, -231079982.89906472, 209106563.68674743, -7.957445241351195e+31], [-2940885090.4300947, 409376095.52209485, 227128763.07496467, -2.761015268097122e+16, -33869122.070339784, 55579902.966959886, 8.100005287258063e+30], [2.802243714152171e+17, 1.6377879465343898e+17, -2.761015268097122e+16, 1.3049938450145515e+25, 2050827282586949.5, -1.457540694673369e+16, -4.026388075763974e+39], [1439387238.7181916, -231079982.89906472, -33869122.070339784, 2050827282586948.8, 60118198.784814075, -42876207.81991908, -5.963929069510284e+30], [-1829765163.669855, 209106563.68674743, 55579902.966959886, -1.457540694673369e+16, -42876207.81991908, 64308617.49249772, 4.016574855045013e+30], [-5.129631878099072e+31, -7.957445241351195e+31, 8.100005287258063e+30, -4.026388075763974e+39, -5.963929069510284e+30, 4.016574855045013e+30, 3.406009077974316e+54]]
sigma_dmb
from cov matrix =
1.1152533868091541e-27
2-sigma =
2.7658283992867024e-27
2-sigma zack's method =
1.7354334768688805e-27