n-power=
6.0
dm_mass=
1
stepsize =
8e-07
fisher matrix =
[[2736283199.4857717, -778985595.7567207, -120185038.06638263, 1.122504304505587e+16, 24574952.619128216, -83105993.71418627, 381425703237.10864], [-778985595.7567207, 520774330.89424217, 31093915.181434195, 5051753345702350.0, 23317011.490936704, 17953947.49327118, -416121539433.84344], [-120185038.06638259, 31093915.181434195, 14594610.25926799, -1485326948475107.8, -3999740.3385885605, 4076361.530950619, 22879840189.090233], [1.122504304505587e+16, 5051753345702351.0, -1485326948475107.8, 7.8780813142992e+23, 1866704728007795.5, -2267576237984734.0, -1.1045413354017935e+19], [24574952.619128216, 23317011.490936704, -3999740.3385885605, 1866704728007795.5, 5491250.0186922895, -4289338.713471742, -43444278497.91939], [-83105993.71418627, 17953947.49327118, 4076361.530950619, -2267576237984734.5, -4289338.713471742, 9751449.471582353, -660636421.1234652], [381425703237.10864, -416121539433.84344, 22879840189.090233, -1.1045413354017935e+19, -43444278497.91939, -660636421.1234652, 690533118164673.6]]
sigma_dmeff
from cov matrix =
8.959579199992696e-08
2-sigma =
2.2219756415981886e-07
2-sigma zack's method =
1.393718537810919e-07