n-power=
2
dm_mass=
0.1
stepsize =
1e-20
fisher matrix =
[[1238861979.0428388, -1376164944.9193726, 76287904.92826001, -3.5709703880460724e+16, -173694714.29478198, 94020.25226026984, 5.218828049011343e+26], [-1376164944.9193726, 1528855603.777291, -84760274.16560088, 3.968174517187822e+16, 192911495.32143754, -104492.60333220847, -5.8017214806038656e+26], [76287904.92826001, -84760274.16560088, 4700334.712277647, -2201863769521910.0, -10670435.941136057, 5800.905135985083, 3.1979091199350983e+25], [-3.5709703880460724e+16, 3.968174517187822e+16, -2201863769521910.0, 1.0330576860974628e+24, 4965379253898638.0, -2724958875332.218, -1.4740289006774005e+34], [-173694714.29478198, 192911495.32143754, -10670435.941136057, 4965379253898638.0, 24956295.01978202, -13012.83357624171, -7.873738994925531e+25], [94020.25226026984, -104492.60333220847, 5800.905135985083, -2724958875332.218, -13012.83357624171, 7.1947864259096885, 3.833707085024468e+22], [5.218828049011343e+26, -5.8017214806038656e+26, 3.1979091199350983e+25, -1.4740289006774005e+34, -7.873738994925531e+25, 3.833707085024468e+22, 2.865317434412311e+44]]
sigma_dmb
from cov matrix =
9.207261689097713e-22
2-sigma =
2.283400898896233e-21
2-sigma zack's method =
1.4311487950697133e-21