n-power=
2.0
dm_mass=
1000
stepsize =
5.0357016471766674e-17
fisher matrix =
[[2736283199.4857717, -778985595.7567207, -120185038.06638263, 1.122504304505587e+16, 24574952.619128216, -83105993.71418627, 4.053316401431608e+21], [-778985595.7567207, 520774330.89424217, 31093915.181434195, 5051753345702350.0, 23317011.490936704, 17953947.49327118, -4.3910358052506624e+21], [-120185038.06638259, 31093915.181434195, 14594610.25926799, -1485326948475107.8, -3999740.3385885605, 4076361.530950619, 2.3570296202044152e+20], [1.122504304505587e+16, 5051753345702351.0, -1485326948475107.8, 7.8780813142992e+23, 1866704728007795.5, -2267576237984734.0, -1.1548631834530523e+29], [24574952.619128216, 23317011.490936704, -3999740.3385885605, 1866704728007795.5, 5491250.0186922895, -4289338.713471742, -4.508297705316442e+20], [-83105993.71418627, 17953947.49327118, 4076361.530950619, -2267576237984734.5, -4289338.713471742, 9751449.471582353, -1.0628532032710312e+19], [4.053316401431608e+21, -4.3910358052506624e+21, 2.3570296202044152e+20, -1.1548631834530523e+29, -4.508297705316442e+20, -1.0628532032710312e+19, 7.191461428730561e+34]]
sigma_dmeff
from cov matrix =
9.77134880529671e-18
2-sigma =
2.4232945037135844e-17
2-sigma zack's method =
1.5192614112821715e-17