n-power=
2.0
dm_mass=
100
stepsize =
1.0047545726038318e-17
fisher matrix =
[[2736283199.4857717, -778985595.7567207, -120185038.06638263, 1.122504304505587e+16, 24574952.619128216, -83105993.71418627, 3.807818199309361e+22], [-778985595.7567207, 520774330.89424217, 31093915.181434195, 5051753345702350.0, 23317011.490936704, 17953947.49327118, -4.122072548907919e+22], [-120185038.06638259, 31093915.181434195, 14594610.25926799, -1485326948475107.8, -3999740.3385885605, 4076361.530950619, 2.2094032910880816e+21], [1.122504304505587e+16, 5051753345702351.0, -1485326948475107.8, 7.8780813142992e+23, 1866704728007795.5, -2267576237984734.0, -1.0834736040290313e+30], [24574952.619128216, 23317011.490936704, -3999740.3385885605, 1866704728007795.5, 5491250.0186922895, -4289338.713471742, -4.227066783603966e+21], [-83105993.71418627, 17953947.49327118, 4076361.530950619, -2267576237984734.5, -4289338.713471742, 9751449.471582353, -1.0219074883621236e+20], [3.807818199309361e+22, -4.122072548907919e+22, 2.2094032910880816e+21, -1.0834736040290313e+30, -4.227066783603966e+21, -1.0219074883621236e+20, 6.308521237593725e+36]]
sigma_dmeff
from cov matrix =
1.05226362086502e-18
2-sigma =
2.6096137797452494e-18
2-sigma zack's method =
1.638017180175993e-18