n-power=
2
dm_mass=
1
stepsize =
4e-19
fisher matrix =
[[40683583215.760025, -7587823760.72904, -1390996494.188224, 1.4353373118043928e+17, 441953346.1626357, -885118601.4627055, 7.685078167799837e+25], [-7587823760.72904, 3790376039.0938087, 218441377.3113986, 3.941725849594056e+16, 231426210.0293548, 110071650.94545731, -8.66597035991363e+25], [-1390996494.1882238, 218441377.3113986, 105605180.9716939, -1.022873584733278e+16, -40177212.85134383, 29257643.87207387, 4.771808544118614e+24], [1.4353373118043928e+17, 3.941725849594057e+16, -1.022873584733278e+16, 3.4899190902843307e+24, 1.329479817837205e+16, -7974186082339867.0, -2.208742817231333e+33], [441953346.1626357, 231426210.02935487, -40177212.85134384, 1.329479817837205e+16, 57658518.16040457, -23056562.754476428, -1.1626067177000466e+25], [-885118601.4627057, 110071650.94545731, 29257643.87207387, -7974186082339867.0, -23056562.754476428, 35069103.86118678, 1.4279125397295774e+22], [7.685078167799837e+25, -8.66597035991363e+25, 4.771808544118614e+24, -2.208742817231333e+33, -1.1626067177000466e+25, 1.4279125397295772e+22, 3.621198647091009e+42]]
sigma_dmb
from cov matrix =
1.9190169211099633e-21
2-sigma =
4.7591619643527085e-21
2-sigma zack's method =
2.9863480718676693e-21