n-power=
4
dm_mass=
1
stepsize =
6e-13
fisher matrix =
[[998780779.5427548, -1233102070.7122505, 69387571.84405185, -3.204651289895332e+16, -147316036.6016338, 77355.51231057447, 9.342613236729772e+18], [-1233102070.7122505, 1533558547.9364655, -86362262.61404312, 3.9738951695006776e+16, 184784226.27421224, -95148.92599335381, -1.2073289313941357e+19], [69387571.84405185, -86362262.61404312, 4864819.41926021, -2238563425054051.0, -10400963.946478924, 5357.382324634528, 6.814510118021628e+17], [-3.204651289895332e+16, 3.9738951695006776e+16, -2238563425054051.0, 1.0330576860977877e+24, 4750230160138296.0, -2485178374614.0317, -3.0648483098577936e+26], [-147316036.6016338, 184784226.27421224, -10400963.946478924, 4750230160138296.0, 22723177.1032236, -11228.279198036429, -1.5372548520724772e+18], [77355.51231057447, -95148.92599335381, 5357.382324634528, -2485178374614.0317, -11228.279198036429, 6.240038198595097, 700648465982623.4], [9.342613236729772e+18, -1.2073289313941357e+19, 6.814510118021628e+17, -3.0648483098577936e+26, -1.5372548520724772e+18, 700648465982623.4, 1.1510876674694514e+29]]
sigma_dmb
from cov matrix =
1.101188392692251e-13
2-sigma =
2.7309472138767823e-13
2-sigma zack's method =
1.7129495172427573e-13