n-power=
6
dm_mass=
0.001
stepsize =
5e-15
fisher matrix =
[[20671096359666.508, -3307220554964.78, -938162584166.063, 1.102154116592432e+20, 400282612364.6523, -485117945417.9209, 3.4775506720936088e+22], [-3307220554964.78, 530524835788.4991, 150033214520.2806, -1.759170345517789e+19, -63850273779.28017, 77582911285.5573, -6.425009848273733e+21], [-938162584166.0627, 150033214520.2806, 42607087293.07779, -5.005758267102209e+18, -18183345474.41044, 22016809676.91245, -1.4880555396963914e+21], [1.102154116592432e+20, -1.7591703455177888e+19, -5.005758267102209e+18, 5.895020648887457e+26, 2.1413529793457605e+18, -2.5894198668898253e+18, 1.564730554106389e+29], [400282612364.6523, -63850273779.28017, -18183345474.41044, 2.1413529793457605e+18, 7782186181.533244, -9401639839.512737, 5.332063188156262e+20], [-485117945417.92084, 77582911285.5573, 22016809676.91245, -2.5894198668898253e+18, -9401639839.512735, 11394243157.299028, -7.984310580150736e+20], [3.4775506720936088e+22, -6.425009848273733e+21, -1.4880555396963914e+21, 1.564730554106389e+29, 5.332063188156262e+20, -7.984310580150737e+20, 8.44527672058757e+32]]
sigma_dmb
from cov matrix =
1.032980904194215e-16
2-sigma =
2.561792642401653e-16
2-sigma zack's method =
1.6075145363516654e-16