n-power=
6
dm_mass=
0.0001
stepsize =
2e-17
fisher matrix =
[[20671096359666.508, -3307220554964.78, -938162584166.063, 1.102154116592432e+20, 400282612364.6523, -485117945417.9209, 3.141532086051344e+25], [-3307220554964.78, 530524835788.4991, 150033214520.2806, -1.759170345517789e+19, -63850273779.28017, 77582911285.5573, -5.642496609352776e+24], [-938162584166.0627, 150033214520.2806, 42607087293.07779, -5.005758267102209e+18, -18183345474.41044, 22016809676.91245, -1.3611214938265893e+24], [1.102154116592432e+20, -1.7591703455177888e+19, -5.005758267102209e+18, 5.895020648887457e+26, 2.1413529793457605e+18, -2.5894198668898253e+18, 1.4677160270466844e+32], [400282612364.6523, -63850273779.28017, -18183345474.41044, 2.1413529793457605e+18, 7782186181.533244, -9401639839.512737, 5.0807870536602214e+23], [-485117945417.92084, 77582911285.5573, 22016809676.91245, -2.5894198668898253e+18, -9401639839.512735, 11394243157.299028, -7.246024281129135e+23], [3.1415320860513437e+25, -5.642496609352776e+24, -1.3611214938265893e+24, 1.4677160270466844e+32, 5.0807870536602214e+23, -7.246024281129135e+23, 4.455104434066386e+38]]
sigma_dmb
from cov matrix =
1.5012640241320376e-19
2-sigma =
3.723134779847453e-19
2-sigma zack's method =
3.493344134424159e-19