n-power=
6
dm_mass=
0.01
stepsize =
8e-12
fisher matrix =
[[20671096359666.508, -3307220554964.78, -938162584166.063, 1.102154116592432e+20, 400282612364.6523, -485117945417.9209, 2.9817618857619513e+19], [-3307220554964.78, 530524835788.4991, 150033214520.2806, -1.759170345517789e+19, -63850273779.28017, 77582911285.5573, -5.468007895012507e+18], [-938162584166.0627, 150033214520.2806, 42607087293.07779, -5.005758267102209e+18, -18183345474.41044, 22016809676.91245, -1.2801915043745137e+18], [1.102154116592432e+20, -1.7591703455177888e+19, -5.005758267102209e+18, 5.895020648887457e+26, 2.1413529793457605e+18, -2.5894198668898253e+18, 1.3554022036015317e+26], [400282612364.6523, -63850273779.28017, -18183345474.41044, 2.1413529793457605e+18, 7782186181.533244, -9401639839.512737, 4.638745996452359e+17], [-485117945417.92084, 77582911285.5573, 22016809676.91245, -2.5894198668898253e+18, -9401639839.512735, 11394243157.299028, -6.854404398623444e+17], [2.9817618857619513e+19, -5.468007895012507e+18, -1.2801915043745137e+18, 1.355402203601532e+26, 4.638745996452359e+17, -6.854404398623444e+17, 5.5755849631098914e+26]]
sigma_dmb
from cov matrix =
1.2830332067759964e-13
2-sigma =
3.181922352804471e-13
2-sigma zack's method =
1.9970597597569012e-13