n-power=
6
dm_mass=
0.1
stepsize =
4.1984596819981804e-08
fisher matrix =
[[20671096359666.508, -3307220554964.78, -938162584166.063, 1.102154116592432e+20, 400282612364.6523, -485117945417.9209, 2.6559813865968932e+16], [-3307220554964.78, 530524835788.4991, 150033214520.2806, -1.759170345517789e+19, -63850273779.28017, 77582911285.5573, -4685890352522847.0], [-938162584166.0627, 150033214520.2806, 42607087293.07779, -5.005758267102209e+18, -18183345474.41044, 22016809676.91245, -1159554632554164.8], [1.102154116592432e+20, -1.7591703455177888e+19, -5.005758267102209e+18, 5.895020648887457e+26, 2.1413529793457605e+18, -2.5894198668898253e+18, 1.2692053014662726e+23], [400282612364.6523, -63850273779.28017, -18183345474.41044, 2.1413529793457605e+18, 7782186181.533244, -9401639839.512737, 443343297711875.4], [-485117945417.92084, 77582911285.5573, 22016809676.91245, -2.5894198668898253e+18, -9401639839.512735, 11394243157.299028, -614351116174665.4], [2.6559813865968932e+16, -4685890352522848.0, -1159554632554164.8, 1.2692053014662728e+23, 443343297711875.3, -614351116174665.4, 2.3175710111057222e+20]]
sigma_dmb
from cov matrix =
2.1927230688840607e-10
2-sigma =
5.43795321083247e-10
2-sigma zack's method =
3.4091590430075037e-10