n-power=
6
dm_mass=
1000
stepsize =
0.006354625877794253
fisher matrix =
[[1238861979.0428388, -1376164944.9193726, 76287904.92826001, -3.5709703880460724e+16, -173694714.29478198, 94020.25226026984, 2566051153.3112507], [-1376164944.9193726, 1528855603.777291, -84760274.16560088, 3.968174517187822e+16, 192911495.32143754, -104492.60333220847, -2852447250.9417415], [76287904.92826001, -84760274.16560088, 4700334.712277647, -2201863769521910.0, -10670435.941136057, 5800.905135985083, 157271473.11688757], [-3.5709703880460724e+16, 3.968174517187822e+16, -2201863769521910.0, 1.0330576860974628e+24, 4965379253898638.0, -2724958875332.218, -7.2542471989257e+16], [-173694714.29478198, 192911495.32143754, -10670435.941136057, 4965379253898638.0, 24956295.01978202, -13012.83357624171, -385599491.98191786], [94020.25226026984, -104492.60333220847, 5800.905135985083, -2724958875332.218, -13012.83357624171, 7.1947864259096885, 188782.4704277201], [2566051153.3112507, -2852447250.9417415, 157271473.11688757, -7.2542471989257e+16, -385599491.98191786, 188782.4704277201, 6685084871.81727]]
sigma_dmb
from cov matrix =
0.0002811585668581838
2-sigma =
0.0006972732458082958
2-sigma zack's method =
0.00043774660992774257