n-power=
6
dm_mass=
100
stepsize =
0.0002904624438160811
fisher matrix =
[[20671096359666.508, -3307220554964.78, -938162584166.063, 1.102154116592432e+20, 400282612364.6523, -485117945417.9209, 1022661950899.3425], [-3307220554964.78, 530524835788.4991, 150033214520.2806, -1.759170345517789e+19, -63850273779.28017, 77582911285.5573, -185113167699.98306], [-938162584166.0627, 150033214520.2806, 42607087293.07779, -5.005758267102209e+18, -18183345474.41044, 22016809676.91245, -44159448046.09675], [1.102154116592432e+20, -1.7591703455177888e+19, -5.005758267102209e+18, 5.895020648887457e+26, 2.1413529793457605e+18, -2.5894198668898253e+18, 4.729446065680178e+18], [400282612364.6523, -63850273779.28017, -18183345474.41044, 2.1413529793457605e+18, 7782186181.533244, -9401639839.512737, 16309935486.748009], [-485117945417.92084, 77582911285.5573, 22016809676.91245, -2.5894198668898253e+18, -9401639839.512735, 11394243157.299028, -23558365716.135933], [1022661950899.3425, -185113167699.98306, -44159448046.09675, 4.729446065680179e+18, 16309935486.748013, -23558365716.13593, 529634363556.11176]]
sigma_dmb
from cov matrix =
4.43721600363672e-06
2-sigma =
1.1004295689019065e-05
2-sigma zack's method =
6.905442029670145e-06