n-power=
6
dm_mass=
10
stepsize =
1.5243685743705978e-05
fisher matrix =
[[20671096359666.508, -3307220554964.78, -938162584166.063, 1.102154116592432e+20, 400282612364.6523, -485117945417.9209, 12681400847104.121], [-3307220554964.78, 530524835788.4991, 150033214520.2806, -1.759170345517789e+19, -63850273779.28017, 77582911285.5573, -2303147492222.914], [-938162584166.0627, 150033214520.2806, 42607087293.07779, -5.005758267102209e+18, -18183345474.41044, 22016809676.91245, -546797760330.3847], [1.102154116592432e+20, -1.7591703455177888e+19, -5.005758267102209e+18, 5.895020648887457e+26, 2.1413529793457605e+18, -2.5894198668898253e+18, 5.839184560290087e+19], [400282612364.6523, -63850273779.28017, -18183345474.41044, 2.1413529793457605e+18, 7782186181.533244, -9401639839.512737, 200980710155.8768], [-485117945417.92084, 77582911285.5573, 22016809676.91245, -2.5894198668898253e+18, -9401639839.512735, 11394243157.299028, -291976255563.5805], [12681400847104.121, -2303147492222.914, -546797760330.3847, 5.839184560290087e+19, 200980710155.8768, -291976255563.5805, 86229497833179.81]]
sigma_dmb
from cov matrix =
3.4074539844618695e-07
2-sigma =
8.450485881465436e-07
2-sigma zack's method =
