n-power=
6
dm_mass=
1e-05
stepsize =
8e-21
fisher matrix =
[[20671096359666.508, -3307220554964.78, -938162584166.063, 1.102154116592432e+20, 400282612364.6523, -485117945417.9209, 4.00188227154672e+28], [-3307220554964.78, 530524835788.4991, 150033214520.2806, -1.759170345517789e+19, -63850273779.28017, 77582911285.5573, -7.439910203417698e+27], [-938162584166.0627, 150033214520.2806, 42607087293.07779, -5.005758267102209e+18, -18183345474.41044, 22016809676.91245, -1.707540769204034e+27], [1.102154116592432e+20, -1.7591703455177888e+19, -5.005758267102209e+18, 5.895020648887457e+26, 2.1413529793457605e+18, -2.5894198668898253e+18, 1.7848086463673994e+35], [400282612364.6523, -63850273779.28017, -18183345474.41044, 2.1413529793457605e+18, 7782186181.533244, -9401639839.512737, 6.062553769709692e+26], [-485117945417.92084, 77582911285.5573, 22016809676.91245, -2.5894198668898253e+18, -9401639839.512735, 11394243157.299028, -9.178157276111187e+26], [4.00188227154672e+28, -7.439910203417698e+27, -1.707540769204034e+27, 1.7848086463673994e+35, 6.0625537697096906e+26, -9.178157276111185e+26, 1.20167370893008e+45]]
sigma_dmb
from cov matrix =
8.960374314897614e-23
2-sigma =
2.2221728300946083e-22
2-sigma zack's method =
1.394347651722903e-22