n-power=
0
dm_mass=
0.0001
stepsize =
2e-27
fisher matrix =
[[40683583215.760025, -7587823760.72904, -1390996494.188224, 1.4353373118043928e+17, 441953346.1626357, -885118601.4627055, 5.986584727199834e+33], [-7587823760.72904, 3790376039.0938087, 218441377.3113986, 3.941725849594056e+16, 231426210.0293548, 110071650.94545731, -6.882824865700623e+33], [-1390996494.1882238, 218441377.3113986, 105605180.9716939, -1.022873584733278e+16, -40177212.85134383, 29257643.87207387, 3.828938804223967e+32], [1.4353373118043928e+17, 3.941725849594057e+16, -1.022873584733278e+16, 3.4899190902843307e+24, 1.329479817837205e+16, -7974186082339867.0, -1.7653092979239548e+41], [441953346.1626357, 231426210.02935487, -40177212.85134384, 1.329479817837205e+16, 57658518.16040457, -23056562.754476428, -9.277750067883945e+32], [-885118601.4627057, 110071650.94545731, 29257643.87207387, -7974186082339867.0, -23056562.754476428, 35069103.86118678, 4.700230518609959e+30], [5.986584727199834e+33, -6.882824865700623e+33, 3.828938804223967e+32, -1.7653092979239548e+41, -9.277750067883945e+32, 4.700230518609959e+30, 2.2954674182506558e+58]]
sigma_dmb
from cov matrix =
2.3924831592111083e-29
2-sigma =
5.933358234843549e-29
2-sigma zack's method =
3.7243612266484587e-29