n-power=
0.0
dm_mass=
1000
stepsize =
5.636765862528908e-26
fisher matrix =
[[2736283199.4857717, -778985595.7567207, -120185038.06638263, 1.122504304505587e+16, 24574952.619128216, -83105993.71418627, 4.878178153731747e+28], [-778985595.7567207, 520774330.89424217, 31093915.181434195, 5051753345702350.0, 23317011.490936704, 17953947.49327118, -5.595409658800266e+28], [-120185038.06638259, 31093915.181434195, 14594610.25926799, -1485326948475107.8, -3999740.3385885605, 4076361.530950619, 3.075956201957004e+27], [1.122504304505587e+16, 5051753345702351.0, -1485326948475107.8, 7.8780813142992e+23, 1866704728007795.5, -2267576237984734.0, -1.57431760336079e+36], [24574952.619128216, 23317011.490936704, -3999740.3385885605, 1866704728007795.5, 5491250.0186922895, -4289338.713471742, -5.874868840081203e+27], [-83105993.71418627, 17953947.49327118, 4076361.530950619, -2267576237984734.5, -4289338.713471742, 9751449.471582353, 2.4776816212141947e+26], [4.878178153731747e+28, -5.595409658800266e+28, 3.075956201957004e+27, -1.57431760336079e+36, -5.874868840081203e+27, 2.4776816212141947e+26, 1.0868985283176338e+49]]
sigma_dmeff
from cov matrix =
9.99575965026165e-25
2-sigma =
2.478948393264889e-24
2-sigma zack's method =
1.5548059812788135e-24
