n-power=
0.0
dm_mass=
100
stepsize =
3.990524629937759e-26
fisher matrix =
[[2736283199.4857717, -778985595.7567207, -120185038.06638263, 1.122504304505587e+16, 24574952.619128216, -83105993.71418627, 4.6208248688801634e+29], [-778985595.7567207, 520774330.89424217, 31093915.181434195, 5051753345702350.0, 23317011.490936704, 17953947.49327118, -5.518182918396623e+29], [-120185038.06638259, 31093915.181434195, 14594610.25926799, -1485326948475107.8, -3999740.3385885605, 4076361.530950619, 3.1089348984708145e+28], [1.122504304505587e+16, 5051753345702351.0, -1485326948475107.8, 7.8780813142992e+23, 1866704728007795.5, -2267576237984734.0, -1.5828771289632282e+37], [24574952.619128216, 23317011.490936704, -3999740.3385885605, 1866704728007795.5, 5491250.0186922895, -4289338.713471742, -5.877563472105687e+28], [-83105993.71418627, 17953947.49327118, 4076361.530950619, -2267576237984734.5, -4289338.713471742, 9751449.471582353, 3.4741971732707527e+27], [4.6208248688801634e+29, -5.518182918396623e+29, 3.1089348984708145e+28, -1.5828771289632282e+37, -5.877563472105687e+28, 3.4741971732707527e+27, 1.0661859506275959e+51]]
sigma_dmeff
from cov matrix =
1.0086296809274188e-25
2-sigma =
2.5014016086999984e-25
2-sigma zack's method =
1.5680266174794872e-25
