n-power=
0
dm_mass=
10
stepsize =
2.8250750892455087e-26
fisher matrix =
[[2489864549.0481324, -505127381.7607281, -135841792.33351955, 1.8777937711893148e+16, 51736513.90136722, -83110159.14901446, -5.480813617421385e+29], [-505127381.7607281, 216401500.62779844, 48341327.21876258, -3336293201652366.5, -6821838.655705716, 17974342.950333282, -1.5430854537600896e+29], [-135841792.33351955, 48341327.21876257, 13670330.173824089, -1013554096058815.1, -2314227.011969255, 4074619.961071587, 2.870424147386987e+28], [1.8777937711893148e+16, -3336293201652367.0, -1013554096058815.1, 5.562862413974006e+23, 1043854876705742.9, -2266801243771749.5, -2.5091736215324964e+37], [51736513.90136722, -6821838.655705716, -2314227.011969255, 1043854876705742.9, 2438565.2157471064, -4287489.242424675, -5.699185960887916e+28], [-83110159.14901446, 17974342.950333282, 4074619.961071587, -2266801243771749.5, -4287489.242424675, 9751425.152373651, 7.941383148202063e+28], [-5.480813617421385e+29, -1.5430854537600896e+29, 2.870424147386987e+28, -2.5091736215324964e+37, -5.699185960887916e+28, 7.941383148202065e+28, 3.259136323648202e+51]]
sigma_dmb
from cov matrix =
3.868766591399158e-26
2-sigma =
9.594541146669911e-26
2-sigma zack's method =
6.020638511007546e-26